1 a - [51, 58]
0 a - [51, 58]
0 a - [51, 58]
0 a - [51, 58]
0 a - [51, 58]
0 a - [51, 58]
0 a - [51, 58]
0 a - [51, 58]
0 a - [51, 58]
0 a - [51, 58]
1 di [51, 51, 58] [63]
0 di [51, 51, 58] [63]
1 di [51, 51, 58] [63, 90]
0 di [51, 51, 58] [63, 90]
1 di [51, 51, 58] [63, 94]
0 di [51, 51, 58] [63, 94]
1 di [63, 70, 70] [58, 82, 95]
0 di [63, 70, 70] [58, 82, 95]
0 di [63, 70, 70] [58, 82]
0 di [63, 70, 70] [58, 82]
0 di [63, 70, 70] [58, 82]
0 di [63, 70, 70] [58, 82]
0 a- [63, 70, 82] []
0 a- [63, 70, 82] []
1 di [51, 51, 58] [63, 70, 82, 94]
0 di [51, 51, 58] [63, 70, 82, 94]
0 di [51, 51, 58] [63, 70, 82]
0 di [51, 51, 58] [63, 70, 82]
0 di [51, 51, 58] [63, 70, 82]
0 di [51, 51, 58] [63, 70, 82]
0 di [51, 51, 58] [63, 70, 82]
0 di [51, 51, 58] [63, 70, 82]
1 g- [56, 63, 92] [44]
0 g- [56, 63, 92] [44]
1 f- [56, 63, 78] [44]
0 f- [56, 63, 78] [44]
0 f- [56, 63, 78] [44]
0 f- [56, 63, 78] [44]
0 f- [56, 63, 78] [44]
0 f- [56, 63, 78] [44]
1 f- [63, 75, 78] [44]
0 f- [63, 75, 78] [44]
0 f- [63, 75, 78] [44]
0 f- [63, 75, 78] [44]
1 f- [75, 75, 78] [44, 56, 59]
0 f- [75, 75, 78] [44, 56, 59]
0 f- [75, 75, 78] [44, 56, 59]
0 f- [75, 75, 78] [44, 56, 59]
1 g- [56, 59, 60] [68]
0 g- [56, 59, 60] [68]
0 g- [56, 59, 60] [68]
0 g- [56, 59, 60] [68]
0 g - [59, 68]
0 g - [59, 68]
0 g - [59, 68]
0 g - [59, 68]
1 a- [67, 68, 70] [56, 59]
0 a- [67, 68, 70] [56, 59]
0 a- [67, 68, 70] [56, 59]
0 a- [67, 68, 70] [56, 59]
1 f- [68, 70, 90] [56, 59]
0 f- [68, 70, 90] [56, 59]
0 a- [67, 68, 70] [56, 59]
0 a- [67, 68, 70] [56, 59]
1 g- [75, 75, 92] [47, 58, 59]
0 g- [75, 75, 92] [47, 58, 59]
0 d- [58, 59, 59] [47, 75]
0 d- [58, 59, 59] [47, 75]
0 d- [58, 59, 59] [47, 75]
0 d- [58, 59, 59] [47, 75]
0 d- [58, 59, 59] [47, 75]
0 d- [58, 59, 59] [47, 75]
0 d- [58, 59, 59] [47, 75]
0 d- [58, 59, 59] [47, 75]
0 B- [47, 58, 59] []
0 B- [47, 58, 59] []
1 d- [47, 59, 63] []
0 d- [47, 59, 63] []
0 d- [47, 59, 63] []
0 d- [47, 59, 63] []
1 a- [59, 63, 70] [47]
0 a- [59, 63, 70] [47]
0 a- [59, 63, 70] []
0 a- [59, 63, 70] []
0 a- [59, 63, 70] []
0 a- [59, 63, 70] []
0 a- [59, 63, 70] []
0 a- [59, 63, 70] []
1 f- [66, 70, 90] [54, 58]
0 f- [66, 70, 90] [54, 58]
0 a- [54, 58, 62] [70]
0 a- [54, 58, 62] [70]
0 a - [54, 70]
0 a - [54, 70]
0 a - [54, 70]
0 a - [54, 70]
1 F- [46, 56, 57] [89]
0 F- [46, 56, 57] [89]
1 a- [46, 56, 58] []
0 a- [46, 56, 58] []
0 a- [46, 56, 58] []
0 a- [46, 56, 58] []
0 a- [46, 56, 58] []
0 a- [46, 56, 58] []
1 D- [56, 58, 62] [46]
0 D- [56, 58, 62] [46]
0 D- [56, 58, 62] [46]
0 D- [56, 58, 62] [46]
1 B- [53, 56, 59] [46]
0 B- [53, 56, 59] [46]
0 B- [53, 56, 59] [46]
0 B- [53, 56, 59] [46]
1 c- [67, 68, 85] [53, 56, 59]
0 c- [67, 68, 85] [53, 56, 59]
1 gi [56, 59, 63] [68]
0 gi [56, 59, 63] [68]
0 gi [56, 59, 63] [68]
0 gi [56, 59, 63] [68]
0 gi [56, 59, 63] [68]
0 gi [56, 59, 63] [68]
1 gi [56, 59, 63] [53, 68, 74, 86]
0 gi [56, 59, 63] [53, 68, 74, 86]
0 gi [56, 59, 63] [53, 68, 74]
0 gi [56, 59, 63] [53, 68, 74]
1 ci [61, 63, 68] [53, 75]
0 ci [61, 63, 68] [53, 75]
0 d - [63, 75]
