1 D- [74, 78, 86] [57, 62]
0 D- [74, 78, 86] [57, 62]
0 D- [74, 78, 86] [57, 62]
0 f- [62, 74, 78] [57]
0 f- [62, 74, 78] [57]
0 f- [62, 74, 78] [57]
0 f- [62, 74, 78] [57]
0 f- [62, 74, 78] [57]
0 f- [62, 74, 78] [57]
0 f- [62, 74, 78] [57]
0 f- [62, 74, 78] [57]
0 f- [62, 74, 78] [57]
0 f- [62, 74, 78] [57]
0 f- [62, 74, 78] [57]
0 f- [62, 74, 78] [57]
1 Dj [62, 66, 69] [57, 74, 78]
0 Dj [62, 66, 69] [57, 74, 78]
0 Dj [62, 66, 69] [57, 74, 78]
0 Dj [62, 66, 69] [57, 74, 78]
0 Dj [62, 66, 69] [57, 74, 78]
0 f- [66, 74, 78] [62]
0 f- [66, 74, 78] [62]
0 f- [66, 74, 78] [62]
0 f- [66, 74, 78] []
0 f- [66, 74, 78] []
1 Dj [62, 66, 69] [74, 78, 81]
0 Dj [62, 66, 69] [74, 78, 81]
0 Dj [62, 66, 69] [74, 78, 81]
0 Dj [62, 66, 69] [74, 78, 81]
0 Dj [62, 66, 69] [74, 78]
0 Dj [62, 66, 69] [74, 78]
0 Dj [62, 66, 69] [74, 78]
0 Dj [62, 66, 69] [74, 78]
1 Aj [69, 73, 76] [54, 81]
0 Aj [69, 73, 76] [54, 81]
0 Aj [69, 73, 76] [54, 81]
0 Aj [69, 73, 76] [54, 81]
0 Aj [69, 73, 76] [54, 81]
0 Aj [69, 73, 76] [54, 81]
0 Aj [69, 73, 76] [54, 81]
0 Aj [69, 73, 76] [54, 81]
0 Aj [69, 73, 76] [54, 81]
0 Aj [69, 73, 76] [54, 81]
0 Aj [69, 73, 76] [54, 81]
0 Aj [69, 73, 76] [54, 81]
0 Aj [69, 73, 76] [54, 81]
0 Aj [69, 73, 76] [54, 81]
1 Dj [62, 66, 69] [54, 73, 76, 81, 88]
0 Dj [62, 66, 69] [54, 73, 76, 81, 88]
0 Dj [62, 66, 69] [54, 73, 76, 81, 88]
0 Dj [62, 66, 69] [54, 73, 76, 81, 88]
0 Dj [62, 66, 69] [54, 73, 76, 81]
0 Dj [62, 66, 69] [54, 73, 76, 81]
0 Dj [62, 66, 69] [54, 73, 76, 81]
0 Dj [62, 66, 69] [54, 73, 76, 81]
1 fi [54, 54, 61] [66, 69, 73, 76, 78, 81, 85]
0 fi [54, 54, 61] [66, 69, 73, 76, 78, 81, 85]
0 c- [76, 78, 85] [54, 61, 73]
0 c- [76, 78, 85] [54, 61, 73]
0 c- [76, 78, 85] [54, 61, 73]
0 f- [73, 76, 78] [54, 61]
0 f- [73, 76, 78] [54, 61]
0 f- [73, 76, 78] [54, 61]
0 f- [73, 76, 78] [54, 61]
1 Bi [59, 59, 66] [71, 74, 83]
0 Bi [59, 59, 66] [71, 74, 83]
0 Bi [59, 59, 66] [71, 74, 83]
0 Bi [59, 59, 66] [71, 74, 83]
0 Bi [59, 59, 66] [71, 74, 83]
0 Bi [59, 59, 66] [71, 74, 83]
0 Bi [59, 59, 66] [71, 74, 83]
1 Bi [59, 62, 66] [71, 74, 78, 83]
0 Bi [59, 62, 66] [71, 74, 78, 83]
0 Bi [59, 62, 66] [71, 74, 78, 83]
0 Bi [59, 62, 66] [71, 74, 78, 83]
0 Bi [59, 62, 66] [71, 74, 83]
0 Bi [59, 62, 66] [71, 74, 83]
0 Bi [59, 62, 66] [71, 74, 83]
0 Bi [59, 62, 66] [71, 74, 83]
1 Bi [59, 62, 66] [71, 74, 83]
0 Bi [59, 62, 66] [71, 74, 83]
0 Bi [59, 62, 66] [71, 74, 83]
0 B- [71, 74, 83] [59, 62]
0 B- [71, 74, 83] [59, 62]
0 B- [71, 74, 83] [59, 62]
0 B- [71, 74, 83] [59, 62]
0 B- [71, 74, 83] [59, 62]
0 B- [71, 74, 83] [59, 62]
1 Gj [67, 71, 74] [59, 81]
0 Gj [67, 71, 74] [59, 81]
0 Gj [67, 71, 74] [59, 81]
0 Gj [67, 71, 74] [59, 81]
0 Gj [67, 71, 74] [59, 81]
0 A- [71, 74, 81] []
0 A- [71, 74, 81] []
0 A- [71, 74, 81] []
1 B- [62, 69, 83] []
0 B- [62, 69, 83] []
0 B- [62, 69, 83] []
0 B- [62, 69, 83] []
0 B- [62, 69, 83] []
0 B- [62, 69, 83] []
0 B- [62, 69, 83] []
0 B- [62, 69, 83] []
0 B - [62, 83]
0 B - [62, 83]
0 B - [62, 83]
0 B - [62, 83]
0 B - [62, 83]
1 A- [61, 71, 81] []
0 A- [61, 71, 81] []
0 A- [61, 71, 81] []
0 A- [61, 71, 81] []
0 A- [61, 71, 81] []
0 A- [61, 71, 81] []
0 A- [61, 71, 81] []
0 A- [61, 71, 81] []
0 A - [61, 81]
0 A - [61, 81]
0 A - [61, 81]
0 A - [61, 81]
0 A - [61, 81]
1 E- [64, 71, 76] [59]
0 E- [64, 71, 76] [59]
0 E- [64, 71, 76] [59]
0 E- [64, 71, 76] [59]
0 E- [64, 71, 76] [59]
