1 ai [70, 73, 77] [56, 65]
1 ai [58, 58, 65] [56, 70, 73]
0 ai [58, 58, 65] [56, 70, 73]
0 ai [58, 58, 65] [70, 73]
0 ai [58, 58, 65] [70, 73]
0 ai [58, 58, 65] [70, 73]
0 ai [58, 58, 65] [70, 73]
1 ai [58, 58, 65] [70, 73, 101]
0 ai [58, 58, 65] [70, 73, 101]
1 ai [58, 58, 65] [70, 73, 77, 106]
0 ai [58, 58, 65] [70, 73, 77, 106]
0 ai [58, 58, 65] [70, 73, 77]
0 ai [58, 58, 65] [70, 73, 77]
1 ai [58, 58, 65] [70, 73, 77, 109]
0 ai [58, 58, 65] [70, 73, 77, 109]
0 ai [58, 58, 65] [70, 73, 77]
0 ai [58, 58, 65] [70, 73, 77]
1 ai [58, 58, 65] [56, 70, 73, 77, 108]
0 ai [58, 58, 65] [56, 70, 73, 77, 108]
0 ai [58, 58, 65] [56, 70, 73, 77, 108]
0 ai [70, 73, 77] [56, 65, 108]
0 ai [70, 73, 77] [56, 65, 108]
0 ai [70, 73, 77] [56, 65, 108]
1 ai [70, 73, 77] [56, 65, 104]
0 ai [70, 73, 77] [56, 65, 104]
1 ai [70, 73, 77] [56, 65, 89, 104]
0 ai [70, 73, 77] [56, 65, 89, 104]
0 ai [70, 73, 77] [56, 65, 89, 104]
0 ai [70, 73, 77] [56, 65, 89, 104]
1 ai [70, 73, 77] [53, 56, 65, 80, 89, 101]
0 ai [70, 73, 77] [53, 56, 65, 80, 89, 101]
0 ai [70, 73, 77] [53, 56, 65, 80, 89, 101]
0 ai [58, 61, 65] [53, 70, 73, 77, 80, 89, 101]
0 ai [58, 61, 65] [53, 70, 73, 77, 80, 89, 101]
1 fi [54, 54, 61] [66, 70, 73, 82]
0 fi [54, 54, 61] [66, 70, 73, 82]
0 fi [54, 54, 61] [66, 70, 73, 82]
0 fi [54, 54, 61] [66, 70, 73, 82]
0 fi [54, 54, 61] [66, 70, 73, 82]
0 fi [54, 54, 61] [66, 70, 73, 82]
0 fi [54, 54, 61] [66, 70, 73, 82]
0 fi [54, 54, 61] [66, 70, 73, 82]
0 fi [54, 54, 61] [66, 70, 73, 82]
0 fi [54, 54, 61] [66, 70, 73, 82]
0 fi [54, 54, 61] [66, 70, 73, 82]
0 fi [54, 54, 61] [66, 70, 73, 82]
0 fi [54, 54, 61] [66, 70, 73, 82]
0 fi [54, 54, 61] [66, 70, 73, 82]
0 fi [54, 54, 61] [66, 70, 73, 82]
0 fi [54, 54, 61] [66, 70, 73, 82]
1 gi [56, 56, 63] [68, 72, 75, 113]
0 gi [56, 56, 63] [68, 72, 75, 113]
0 gi [56, 56, 63] [68, 72, 75, 113]
0 gi [56, 56, 63] [68, 72, 75, 113]
1 gi [56, 56, 63] [68, 72, 75, 111]
0 gi [56, 56, 63] [68, 72, 75, 111]
0 gi [56, 56, 63] [68, 72, 75, 111]
0 gi [56, 56, 63] [68, 72, 75, 111]
0 gi [56, 56, 63] [68, 72, 75, 111]
0 gi [56, 56, 63] [68, 72, 75, 111]
1 c- [66, 78, 109] [54, 56]
0 c- [66, 78, 109] [54, 56]
0 c- [66, 78, 109] [54, 56]
0 c- [66, 78, 109] [54, 56]
1 ai [58, 61, 65] [53, 70, 73]
0 ai [58, 61, 65] [53, 70, 73]
0 ai [58, 61, 65] [53, 70, 73]
0 ai [58, 61, 65] [53, 70, 73]
0 ai [58, 61, 65] [53, 70, 73]
0 ai [58, 61, 65] [53, 70, 73]
1 ai [58, 58, 65] [49, 70, 73, 77]
0 ai [58, 58, 65] [49, 70, 73, 77]
0 ai [58, 58, 65] [49, 70, 73, 77]
0 ai [58, 58, 65] [49, 70, 73, 77]
0 ai [58, 58, 65] [49, 70, 73, 77]
0 ai [58, 58, 65] [49, 70, 73, 77]
0 ai [58, 58, 65] [49, 70, 73, 77]
0 ai [58, 58, 65] [49, 70, 73, 77]
0 ai [58, 58, 65] [49, 70, 73, 77]
0 ai [58, 58, 65] [49, 70, 73, 77]
1 ai [58, 58, 65] [70, 73, 77, 101]
0 ai [58, 58, 65] [70, 73, 77, 101]
0 ai [58, 58, 65] [70, 73, 77, 101]
0 ai [58, 58, 65] [70, 73, 77, 101]
1 ai [58, 58, 65] [70, 73, 77, 109]
0 ai [58, 58, 65] [70, 73, 77, 109]
1 ai [58, 58, 65] [70, 73, 77, 104]
0 ai [58, 58, 65] [70, 73, 77, 104]
1 ai [58, 58, 65] [70, 73, 77, 89, 104]
0 ai [58, 58, 65] [70, 73, 77, 89, 104]
0 ai [58, 58, 65] [70, 73, 77, 89, 104]
0 ai [58, 58, 65] [70, 73, 77, 89, 104]
1 a- [85, 89, 106] [58, 77]
0 a- [85, 89, 106] [58, 77]
1 a- [85, 89, 106] [77, 84]
0 a- [85, 89, 106] [77, 84]
1 fi [54, 54, 61] [66, 70, 73, 82, 109]
0 fi [54, 54, 61] [66, 70, 73, 82, 109]
0 fi [54, 54, 61] [66, 70, 73, 82, 109]
0 fi [54, 54, 61] [66, 70, 73, 82, 109]
0 fi [54, 54, 61] [66, 70, 73, 82, 109]
0 fi [54, 54, 61] [66, 70, 73, 82, 109]
0 fi [54, 54, 61] [66, 70, 73, 82, 109]
0 fi [54, 54, 61] [66, 70, 73, 82, 109]
1 fi [54, 54, 61] [66, 70, 73, 82, 108]
0 fi [54, 54, 61] [66, 70, 73, 82, 108]
0 fi [54, 54, 61] [66, 70, 73, 82, 108]
0 fi [54, 54, 61] [66, 70, 73, 82, 108]
1 fi [54, 54, 61] [66, 70, 73, 82, 106]
0 fi [54, 54, 61] [66, 70, 73, 82, 106]
0 fi [54, 54, 61] [66, 70, 73, 82, 106]
0 fi [54, 54, 61] [66, 70, 73, 82, 106]
1 gi [56, 56, 63] [68, 72, 75, 104]
0 gi [56, 56, 63] [68, 72, 75, 104]
0 gi [56, 56, 63] [68, 72, 75, 104]
0 gi [56, 56, 63] [68, 72, 75, 104]
0 gi [56, 56, 63] [68, 72, 75, 104]
0 gi [56, 56, 63] [68, 72, 75, 104]
1 gi [56, 56, 63] [68, 72, 75, 101]
0 gi [56, 56, 63] [68, 72, 75, 101]
0 gi [56, 56, 63] [68, 72, 75, 101]
0 gi [56, 56, 63] [68, 72, 75, 101]
0 gi [56, 56, 63] [68, 72, 75, 101]
0 gi [56, 56, 63] [68, 72, 75, 101]
1 C- [56, 63, 72] []
0 C- [56, 63, 72] []
0 C - [63, 72]
