1 Fi [57, 65, 72, 81] [57, 81]
0 Fi [57, 65, 72, 81] [57, 81]
1 Fi [57, 65, 72, 76] [57, 76]
0 Fi [57, 65, 72, 76] [57, 76]
1 Fj [57, 65, 69, 72, 76] [57, 76]
0 Fj [57, 65, 69, 72, 76] [57, 76]
0 Fj [57, 65, 69, 72, 76] [57, 76]
0 Fj [57, 65, 69, 72, 76] [57, 76]
0 Fj [57, 65, 69, 72, 76] [57, 76]
1 Fj [57, 65, 69, 72, 76, 93] [57, 76, 93]
0 Fj [57, 65, 69, 72, 76, 93] [57, 76, 93]
0 Fj [57, 65, 69, 72, 76] [57, 76]
0 Fj [57, 65, 69, 72, 76] [57, 76]
1 Fj [57, 65, 69, 72, 76, 96] [57, 76, 96]
0 Fj [57, 65, 69, 72, 76] [57, 76]
1 Fj [57, 65, 69, 72, 76, 98] [57, 76, 98]
0 Fj [57, 65, 69, 72, 76, 98] [57, 76, 98]
0 D [98] [98]
0 D [98] [98]
0 - [] []
0 - [] []
0 - [] []
1 F [89] [89]
0 F [89] [89]
1 F [65] [65]
0 F [65] [65]
1 A [65, 93] [65, 93]
0 A [65, 93] [65, 93]
1 A [65, 69] [65, 69]
0 A [65, 69] [65, 69]
0 A [65, 69] [65, 69]
1 Fj [65, 69, 72] []
0 Fj [65, 69, 72] []
1 C- [60, 71, 72, 76, 96] [60, 71]
0 C- [60, 71, 72, 76, 96] [60, 71]
0 C- [60, 71, 72] []
0 C- [60, 71, 72] []
0 C- [60, 71, 72] []
0 C- [60, 71, 72] []
0 C- [60, 71, 72] []
0 C- [60, 71, 72] []
0 C- [60, 71, 72] []
0 C- [60, 71, 72] []
0 C- [60, 71, 72] []
0 C- [60, 71, 72] []
0 C- [60, 71, 72] []
1 G- [60, 71, 72, 91] [60]
0 C- [60, 71, 72] []
1 A- [60, 71, 72, 79, 93] [60, 71]
0 A- [60, 71, 72, 79, 93] [60, 71]
0 G- [60, 71, 72, 79] [60]
0 G- [60, 71, 72, 79] [60]
0 G- [60, 71, 72, 79] [60]
0 G- [60, 71, 72, 79] [60]
0 G- [60, 71, 72, 79] [60]
0 G- [60, 71, 72, 79] [60]
0 G- [60, 71, 72, 79] [60]
0 C- [60, 71, 72] []
1 B- [60, 71, 74, 95] [60]
0 B- [60, 71, 74, 95] [60]
0 B- [60, 71, 95] []
0 B- [60, 71, 95] []
1 C- [60, 62, 71, 96] [60]
