1 gj [68, 72, 75] [48]
0 gj [68, 72, 75] [48]
0 gj [68, 72, 75] [48]
0 gj [68, 72, 75] [48]
0 gj [68, 72, 75] [48]
0 gj [68, 72, 75] [48]
0 gj [68, 72, 75] [48]
0 gj [68, 72, 75] [48]
0 gj [68, 72, 75] [48]
0 gj [68, 72, 75] [48]
0 gj [68, 72, 75] [48]
0 gj [68, 72, 75] [48]
0 gj [68, 72, 75] [48]
0 gj [68, 72, 75] [48]
0 gj [68, 72, 75] [48]
0 gj [68, 72, 75] [48]
1 Gi [67, 70, 74] [50, 79]
0 Gi [67, 70, 74] [50, 79]
0 Gi [67, 70, 74] [50, 79]
0 Gi [67, 70, 74] [50, 79]
0 Gi [67, 70, 74] [50, 79]
0 Gi [67, 70, 74] [50, 79]
0 Gi [67, 70, 74] [50, 79]
0 Gi [67, 70, 74] [50, 79]
0 Gi [67, 70, 74] [50, 79]
0 Gi [67, 70, 74] [50, 79]
0 Gi [67, 70, 74] [50, 79]
0 Gi [67, 70, 74] [50, 79]
0 Gi [67, 70, 74] [50, 79]
0 Gi [67, 70, 74] [50, 79]
0 Gi [67, 70, 74] [50, 79]
0 Gi [67, 70, 74] [50, 79]
1 Ci [72, 75, 79] [51, 82]
0 Ci [72, 75, 79] [51, 82]
0 Ci [72, 75, 79] [51, 82]
0 Ci [72, 75, 79] [51, 82]
0 Ci [72, 75, 79] [51, 82]
0 Ci [72, 75, 79] [51, 82]
0 Ci [72, 75, 79] [51, 82]
0 Ci [72, 75, 79] [51, 82]
0 Ci [72, 75, 79] [51, 82]
0 Ci [72, 75, 79] [51, 82]
0 Ci [72, 75, 79] [51, 82]
0 Ci [72, 75, 79] [51, 82]
0 Ci [72, 75, 79] [51, 82]
0 Ci [72, 75, 79] [51, 82]
0 Ci [72, 75, 79] [51, 82]
0 Ci [72, 75, 79] [51, 82]
0 Ci [72, 75, 79] [51, 82]
0 Ci [72, 75, 79] [51, 82]
0 Ci [72, 75, 79] [51, 82]
0 Ci [72, 75, 79] [51, 82]
0 Ci [72, 75, 79] [51, 82]
0 Ci [72, 75, 79] [51, 82]
0 Ci [72, 75, 79] [51, 82]
0 Ci [72, 75, 79] [51, 82]
0 Ci [72, 75, 79] [51, 82]
0 Ci [72, 75, 79] [51, 82]
0 Ci [72, 75, 79] [51, 82]
0 Ci [72, 75, 79] [51, 82]
0 Ci [72, 75, 79] [51, 82]
0 Ci [72, 75, 79] [51, 82]
0 Ci [72, 75, 79] [51, 82]
0 Ci [72, 75, 79] [51, 82]
1 gj [68, 72, 75] [32, 48, 56, 60]
0 gj [68, 72, 75] [32, 48, 56, 60]
0 gj [68, 72, 75] [32, 48, 56, 60]
0 gj [68, 72, 75] [32, 48, 56, 60]
0 gj [68, 72, 75] [32, 48, 56, 60]
0 gj [68, 72, 75] [32, 48, 56, 60]
0 gj [68, 72, 75] [32, 48, 56, 60]
0 gj [68, 72, 75] [32, 48, 56, 60]
0 gj [68, 72, 75] [32, 48, 56, 60]
0 gj [68, 72, 75] [32, 48, 56, 60]
0 gj [68, 72, 75] [32, 48, 56, 60]
0 gj [68, 72, 75] [32, 48, 56, 60]
0 gj [68, 72, 75] [32, 48, 56, 60]
0 gj [68, 72, 75] [32, 48, 56, 60]
0 gj [68, 72, 75] [32, 48, 56, 60]
0 gj [68, 72, 75] [32, 48, 56, 60]
1 aj [70, 74, 77] [34, 50, 58]
0 aj [70, 74, 77] [34, 50, 58]
0 aj [70, 74, 77] [34, 50, 58]
0 aj [70, 74, 77] [34, 50, 58]
0 aj [70, 74, 77] [34, 50, 58]
0 aj [70, 74, 77] [34, 50, 58]
0 aj [70, 74, 77] [34, 50, 58]
0 aj [70, 74, 77] [34, 50, 58]
0 aj [70, 74, 77] [34, 50, 58]
0 aj [70, 74, 77] [34, 50, 58]
0 aj [70, 74, 77] [34, 50, 58]
0 aj [70, 74, 77] [34, 50, 58]
0 aj [70, 74, 77] [34, 50, 58]
0 aj [70, 74, 77] [34, 50, 58]
0 aj [70, 74, 77] [34, 50, 58]
0 aj [70, 74, 77] [34, 50, 58]
1 a- [72, 75, 82] [36, 51, 60]
0 a- [72, 75, 82] [36, 51, 60]
0 a- [72, 75, 82] [36, 51, 60]
0 a- [72, 75, 82] [36, 51, 60]
0 a- [72, 75, 82] [36, 51, 60]
0 a- [72, 75, 82] [36, 51, 60]
0 a- [72, 75, 82] [36, 51, 60]
0 a- [72, 75, 82] [36, 51, 60]
0 a- [72, 75, 82] [36, 51, 60]
0 a- [72, 75, 82] [36, 51, 60]
0 a- [72, 75, 82] [36, 51, 60]
0 a- [72, 75, 82] [36, 51, 60]
0 a- [72, 75, 82] [36, 51, 60]
0 a- [72, 75, 82] [36, 51, 60]
0 a- [72, 75, 82] [36, 51, 60]
0 a- [72, 75, 82] [36, 51, 60]
0 a- [72, 75, 82] [36, 51, 60]
0 a- [72, 75, 82] [36, 51, 60]
0 a- [72, 75, 82] [36, 51, 60]
0 a- [72, 75, 82] [36, 51, 60]
0 a- [72, 75, 82] [36, 51, 60]
0 a- [72, 75, 82] [36, 51, 60]
0 a- [72, 75, 82] [36, 51, 60]
0 a- [72, 75, 82] [36, 51, 60]
0 a- [72, 75, 82] [36, 51, 60]
0 a- [72, 75, 82] [36, 51, 60]
0 a- [72, 75, 82] [36, 51, 60]
0 a- [72, 75, 82] [36, 51, 60]
0 a- [72, 75, 82] [36, 51, 60]
0 a- [72, 75, 82] [36, 51, 60]
0 a- [72, 75, 82] [36, 51, 60]
