1 fi [54, 57, 61] [64, 68]
0 fi [54, 57, 61] [64, 68]
0 fi [54, 57, 61] [64, 68]
0 fi [54, 57, 61] [64, 68]
0 fi [54, 57, 61] [64, 68]
0 fi [54, 57, 61] [64, 68]
0 fi [54, 57, 61] [64, 68]
0 fi [54, 57, 61] [64, 68]
0 fi [54, 57, 61] [64, 68]
0 fi [54, 57, 61] [64, 68]
0 fi [54, 57, 61] [64, 68]
0 fi [54, 57, 61] [64, 68]
0 fi [54, 57, 61] [64, 68]
0 fi [54, 57, 61] [64, 68]
0 fi [54, 57, 61] [64, 68]
0 fi [54, 57, 61] [64, 68]
0 fi [54, 57, 61] [64, 68]
0 fi [54, 57, 61] [64, 68]
0 fi [54, 57, 61] [64, 68]
0 fi [54, 57, 61] [64, 68]
0 fi [54, 57, 61] [64, 68]
0 fi [54, 57, 61] [64, 68]
0 fi [54, 57, 61] [64, 68]
0 fi [54, 57, 61] [64, 68]
0 fi [54, 57, 61] [64, 68]
0 fi [54, 57, 61] [64, 68]
0 fi [54, 57, 61] [64, 68]
0 fi [54, 57, 61] [64, 68]
0 fi [54, 57, 61] [64, 68]
0 fi [54, 57, 61] [64, 68]
0 fi [54, 57, 61] [64, 68]
0 fi [54, 57, 61] [64, 68]
1 fi [54, 57, 61] [64, 68, 80]
0 fi [54, 57, 61] [64, 68, 80]
0 fi [54, 57, 61] [64, 68, 80]
0 fi [54, 57, 61] [64, 68]
0 fi [54, 57, 61] [64, 68]
0 fi [54, 57, 61] [64, 68]
0 fi [54, 57, 61] [64, 68]
1 fi [54, 57, 61] [64, 68, 78]
0 fi [54, 57, 61] [64, 68, 78]
0 fi [54, 57, 61] [64, 68, 78]
0 fi [54, 57, 61] [64, 68]
0 fi [54, 57, 61] [64, 68]
0 fi [54, 57, 61] [64, 68]
0 fi [54, 57, 61] [64, 68]
1 fi [54, 57, 61] [64, 68, 83]
0 fi [54, 57, 61] [64, 68, 83]
0 fi [54, 57, 61] [64, 68, 83]
0 fi [54, 57, 61] [64, 68]
0 fi [54, 57, 61] [64, 68]
1 fi [54, 57, 61] [64, 68, 80]
0 fi [54, 57, 61] [64, 68, 80]
0 fi [54, 57, 61] [64, 68, 80]
0 fi [54, 57, 61] [64, 68]
0 fi [54, 57, 61] [64, 68]
0 fi [54, 57, 61] [64, 68]
0 fi [54, 57, 61] [64, 68]
0 fi [54, 57, 61] [64, 68]
0 fi [54, 57, 61] [64, 68]
1 fi [54, 57, 61] [64, 68, 78]
0 fi [54, 57, 61] [64, 68, 78]
0 fi [54, 57, 61] [64, 68, 78]
0 fi [54, 57, 61] [64, 68]
0 fi [54, 57, 61] [64, 68]
0 fi [54, 57, 61] [64, 68]
0 fi [54, 57, 61] [64, 68]
0 fi [54, 57, 61] [64, 68]
0 fi [54, 57, 61] [64, 68]
1 gi [68, 71, 75] [78]
0 gi [68, 71, 75] [78]
0 gi [68, 71, 75] [78]
0 gi [68, 71, 75] [78]
0 gi [68, 71, 75] [78]
0 gi [68, 71, 75] [78]
0 gi [68, 71, 75] [78]
0 gi [68, 71, 75] [78]
0 gi [68, 71, 75] [78]
0 gi [68, 71, 75] [78]
0 gi [68, 71, 75] [78]
0 gi [68, 71, 75] [78]
0 gi [68, 71, 75] [78]
0 gi [68, 71, 75] [78]
0 gi [68, 71, 75] [78]
0 gi [68, 71, 75] [78]
0 gi [68, 71, 75] [78]
0 gi [68, 71, 75] [78]
0 gi [68, 71, 75] [78]
0 gi [68, 71, 75] [78]
0 gi [68, 71, 75] [78]
0 gi [68, 71, 75] [78]
0 gi [68, 71, 75] [78]
0 gi [68, 71, 75] [78]
0 gi [68, 71, 75] [78]
0 gi [68, 71, 75] [78]
0 gi [68, 71, 75] [78]
1 g- [62, 65, 68] [49, 59]
0 g- [62, 65, 68] [49, 59]
0 g- [62, 65, 68] [49, 59]
0 g- [62, 65, 68] [49, 59]
0 g- [62, 65, 68] [49, 59]
0 g- [62, 65, 68] [49, 59]
0 g- [62, 65, 68] [49, 59]
0 g- [62, 65, 68] [49, 59]
0 g- [62, 65, 68] [49, 59]
0 g- [62, 65, 68] [49, 59]
0 g- [62, 65, 68] [49, 59]
1 Gj [55, 59, 62] [65, 69]
0 Gj [55, 59, 62] [65, 69]
0 Gj [55, 59, 62] [65, 69]
1 Gj [55, 59, 62] [65, 69, 90]
0 Gj [55, 59, 62] [65, 69, 90]
1 Gj [55, 59, 62] [65, 69, 71]
0 Gj [55, 59, 62] [65, 69, 71]
0 Gj [55, 59, 62] [65, 69, 71]
0 Gj [55, 59, 62] [65, 69, 71]
1 Gj [55, 59, 62] [65, 71, 93]
0 Gj [55, 59, 62] [65, 71, 93]
0 Gj [55, 59, 62] [65, 71, 93]
1 fi [66, 69, 73] [76, 80, 92]
0 fi [66, 69, 73] [76, 80, 92]
0 fi [66, 69, 73] [76, 80]
0 fi [66, 69, 73] [76, 80]
0 fi [66, 69, 73] [76, 80]
0 fi [66, 69, 73] [76, 80]
0 fi [66, 69, 73] [76, 80]
0 fi [66, 69, 73] [76, 80]
