1 Di [50, 57, 57] [65]
0 Di [50, 57, 57] [65]
0 Di [50, 57, 57] [65]
0 Di [50, 57, 57] [65]
0 Di [50, 57, 57] [65]
0 Di [50, 57, 57] [65]
0 Di [50, 57, 57] [65]
0 Di [50, 57, 57] [65]
0 Di [50, 57, 57] [65]
0 Di [50, 57, 57] [65]
0 Di [50, 57, 57] [65]
0 Di [50, 57, 57] [65]
1 Di [50, 50, 57] [62]
0 Di [50, 50, 57] [62]
0 Di [50, 50, 57] [62]
0 Di [50, 50, 57] [62]
1 Aj [57, 61, 64] [49]
0 Aj [57, 61, 64] [49]
0 Aj [57, 61, 64] [49]
0 Aj [57, 61, 64] [49]
0 Aj [57, 61, 64] [49]
0 Aj [57, 61, 64] [49]
0 Aj [57, 61, 64] [49]
0 Aj [57, 61, 64] [49]
1 Ai [57, 62, 64] [49]
0 Ai [57, 62, 64] [49]
0 Ai [57, 62, 64] [49]
0 Ai [57, 62, 64] [49]
0 Ai [57, 62, 64] [49]
0 Ai [57, 62, 64] [49]
0 Ai [57, 62, 64] [49]
0 Ai [57, 62, 64] [49]
1 F- [48, 57, 57] [65]
0 F- [48, 57, 57] [65]
0 F- [48, 57, 57] [65]
0 F- [48, 57, 57] [65]
0 F- [48, 57, 57] [65]
0 F- [48, 57, 57] [65]
0 F- [48, 57, 57] [65]
0 F- [48, 57, 57] [65]
0 F- [48, 57, 57] [65]
0 F- [48, 57, 57] [65]
0 F- [48, 57, 57] [65]
0 F- [48, 57, 57] [65]
1 D- [48, 50, 57] [62]
0 D- [48, 50, 57] [62]
0 D- [48, 50, 57] [62]
0 D- [48, 50, 57] [62]
1 E- [46, 55, 56] [64]
0 E- [46, 55, 56] [64]
0 E- [46, 55, 56] [64]
0 E- [46, 55, 56] [64]
1 c- [46, 55, 61] []
0 c- [46, 55, 61] []
0 c- [46, 55, 61] []
0 c- [46, 55, 61] []
1 D- [46, 55, 62] []
0 D- [46, 55, 62] []
0 D- [46, 55, 62] []
0 D- [46, 55, 62] []
1 F- [46, 55, 57] [65]
0 F- [46, 55, 57] [65]
0 F- [46, 55, 57] [65]
0 F- [46, 55, 57] [65]
1 F- [46, 55, 57] [34, 65]
0 F- [46, 55, 57] [34, 65]
0 F- [46, 55, 57] [34, 65]
0 F- [46, 55, 57] [34, 65]
0 F- [46, 55, 57] [34, 65]
0 F- [46, 55, 57] [34, 65]
0 F- [46, 55, 57] [34, 65]
0 F- [46, 55, 57] [34, 65]
0 F- [46, 55, 57] [34, 65]
0 F- [46, 55, 57] [34, 65]
0 F- [46, 55, 57] [34, 65]
0 F- [46, 55, 57] [34, 65]
1 D- [46, 55, 62] [34]
0 D- [46, 55, 62] [34]
0 D- [46, 55, 62] [34]
0 D- [46, 55, 62] [34]
1 G- [46, 55, 59] [34, 67]
0 G- [46, 55, 59] [34, 67]
0 G- [46, 55, 59] [34, 67]
0 G- [46, 55, 59] [34, 67]
1 F- [46, 55, 57] [34, 65]
0 F- [46, 55, 57] [34, 65]
0 F- [46, 55, 57] [34, 65]
0 F- [46, 55, 57] [34, 65]
1 E- [46, 55, 56] [34, 64]
0 E- [46, 55, 56] [34, 64]
0 E- [46, 55, 56] [34, 64]
0 E- [46, 55, 56] [34, 64]
1 F- [46, 55, 57] [34, 65]
0 F- [46, 55, 57] [34, 65]
0 F- [46, 55, 57] [34, 65]
0 F- [46, 55, 57] [34, 65]
1 F- [45, 55, 57] [33, 65]
0 F- [45, 55, 57] [33, 65]
0 F- [45, 55, 57] [33, 65]
0 F- [45, 55, 57] [33, 65]
0 F- [45, 55, 57] [33, 65]
0 F- [45, 55, 57] [33, 65]
0 F- [45, 55, 57] [33, 65]
0 F- [45, 55, 57] [33, 65]
0 F- [45, 55, 57] [33, 65]
0 F- [45, 55, 57] [33, 65]
0 F- [45, 55, 57] [33, 65]
0 F- [45, 55, 57] [33, 65]
1 D- [55, 62, 86] [33, 45]
0 D- [55, 62, 86] [33, 45]
0 D- [55, 62, 86] [33, 45]
0 D- [55, 62, 86] [33, 45]
1 E- [63, 64, 88] [33, 45, 55]
0 E- [63, 64, 88] [33, 45, 55]
0 E- [63, 64, 88] [33, 45, 55]
0 E- [63, 64, 88] [33, 45, 55]
1 c- [55, 61, 85] [33, 45]
0 c- [55, 61, 85] [33, 45]
0 c- [55, 61, 85] [33, 45]
0 c- [55, 61, 85] [33, 45]
1 D- [62, 74, 81] [33, 45, 57, 86]
0 D- [62, 74, 81] [33, 45, 57, 86]
0 D- [62, 74, 81] [33, 45, 57, 86]
0 D- [62, 74, 81] [33, 45, 57, 86]
1 F- [63, 65, 89] [33, 45, 55]
0 F- [63, 65, 89] [33, 45, 55]
0 F- [63, 65, 89] [33, 45, 55]
