1 Ai [57, 57, 64] [69, 73, 76, 81]
0 Ai [57, 57, 64] [69, 73, 76, 81]
0 Ai [57, 57, 64] [69, 73, 76, 81]
0 Ai [57, 57, 64] [69, 73, 76, 81]
1 Ai [57, 57, 64] [69, 73, 76, 80]
0 Ai [57, 57, 64] [69, 73, 76, 80]
0 Ai [57, 57, 64] [69, 73, 76, 80]
0 Ai [57, 57, 64] [69, 73, 76, 80]
1 Ai [57, 57, 64] [69, 73, 76, 81]
0 Ai [57, 57, 64] [69, 73, 76, 81]
0 Ai [57, 57, 64] [69, 73, 76, 81]
0 Ai [57, 57, 64] [69, 73, 76, 81]
1 Ai [57, 57, 64] [69, 73, 76, 83]
0 Ai [57, 57, 64] [69, 73, 76, 83]
0 Ai [57, 57, 64] [69, 73, 76, 83]
0 Ai [57, 57, 64] [69, 73, 76, 83]
0 Ai [57, 57, 64] [69, 73, 76]
0 Ai [57, 57, 64] [69, 73, 76]
0 Ai [57, 57, 64] [69, 73, 76]
0 Ai [57, 57, 64] [69, 73, 76]
0 Ai [57, 57, 64] [69, 73, 76]
0 Ai [57, 57, 64] [69, 73, 76]
0 Ai [57, 57, 64] [69, 73, 76]
0 Ai [57, 57, 64] [69, 73, 76]
0 Ai [57, 57, 64] [69, 73, 76]
0 Ai [57, 57, 64] [69, 73, 76]
0 Ai [57, 57, 64] [69, 73, 76]
0 Ai [57, 57, 64] [69, 73, 76]
0 Ai [57, 57, 64] [69, 73, 76]
0 Ai [57, 57, 64] [69, 73, 76]
0 Ai [57, 57, 64] [69, 73, 76]
0 Ai [57, 57, 64] [69, 73, 76]
1 Ai [57, 57, 64] [69, 73, 76, 88]
0 Ai [57, 57, 64] [69, 73, 76, 88]
0 Ai [57, 57, 64] [69, 73, 76, 88]
0 Ai [57, 57, 64] [69, 73, 76, 88]
0 Ai [57, 57, 64] [69, 73, 76, 88]
0 Ai [57, 57, 64] [69, 73, 76, 88]
0 Ai [57, 57, 64] [69, 73, 76, 88]
0 Ai [57, 57, 64] [69, 73, 76, 88]
0 Ai [57, 57, 64] [69, 73, 76, 88]
0 Ai [57, 57, 64] [69, 73, 76, 88]
0 Ai [57, 57, 64] [69, 73, 76, 88]
0 Ai [57, 57, 64] [69, 73, 76, 88]
0 Ai [57, 57, 64] [69, 73, 76, 88]
0 Ai [57, 57, 64] [69, 73, 76, 88]
0 Ai [57, 57, 64] [69, 73, 76, 88]
0 Ai [57, 57, 64] [69, 73, 76, 88]
0 Ai [57, 57, 64] [69, 73, 76, 88]
0 Ai [57, 57, 64] [69, 73, 76, 88]
0 Ai [57, 57, 64] [69, 73, 76, 88]
0 Ai [57, 57, 64] [69, 73, 76, 88]
0 Ai [57, 57, 64] [69, 73, 76, 88]
0 Ai [57, 57, 64] [69, 73, 76, 88]
0 Ai [57, 57, 64] [69, 73, 76, 88]
0 Ai [57, 57, 64] [69, 73, 76, 88]
0 - - []
0 - - []
0 - - []
0 - - []
0 - - []
0 - - []
0 - - []
0 - - []
1 ci [61, 61, 68] [73, 76]
0 ci [61, 61, 68] [73, 76]
0 ci [61, 61, 68] [73, 76]
0 ci [61, 61, 68] [73, 76]
0 ci [61, 61, 68] [73, 76]
0 ci [61, 61, 68] [73, 76]
1 ci [61, 61, 68] [73, 76, 92]
0 ci [61, 61, 68] [73, 76, 92]
1 ci [61, 61, 68] [73, 76, 80, 92]
0 ci [61, 61, 68] [73, 76, 80, 92]
0 ci [61, 61, 68] [73, 76, 80, 92]
0 ci [61, 61, 68] [73, 76, 80, 92]
1 ci [61, 61, 68] [73, 76, 80, 93]
0 ci [61, 61, 68] [73, 76, 80, 93]
0 ci [61, 61, 68] [73, 76, 80, 93]
0 ci [61, 61, 68] [73, 76, 80, 93]
1 ci [61, 61, 68] [73, 76, 81, 93]
0 ci [61, 61, 68] [73, 76, 81, 93]
1 ci [61, 61, 68] [73, 76, 81, 100]
0 ci [61, 61, 68] [73, 76, 81, 100]
0 ci [61, 61, 68] [73, 76, 81]
0 ci [61, 61, 68] [73, 76, 81]
0 ci [61, 61, 68] [73, 76, 81]
0 ci [61, 61, 68] [73, 76, 81]
1 ci [61, 61, 68] [73, 76, 85, 98]
0 ci [61, 61, 68] [73, 76, 85, 98]
0 ci [61, 61, 68] [73, 76, 85]
0 ci [61, 61, 68] [73, 76, 85]
1 c- [76, 85, 97] [61, 73]
0 c- [76, 85, 97] [61, 73]
0 c- [73, 76, 85] [61]
0 c- [73, 76, 85] [61]
1 Ej [64, 68, 71] [56, 80]
0 Ej [64, 68, 71] [56, 80]
0 Ej [64, 68, 71] [56, 80]
0 Ej [64, 68, 71] [56, 80]
0 Ej [64, 68, 71] [56, 80]
0 Ej [64, 68, 71] [56, 80]
0 Ej [64, 68, 71] [56, 80]
0 Ej [64, 68, 71] [56, 80]
0 Ej [64, 68, 71] [56, 80]
0 Ej [64, 68, 71] [56, 80]
0 Ej [64, 68, 71] [56, 80]
0 Ej [64, 68, 71] [56, 80]
0 Ej [64, 68, 71] [56, 80]
0 Ej [64, 68, 71] [56, 80]
0 Ej [64, 68, 71] [56, 80]
0 Ej [64, 68, 71] [56, 80]
0 Ej [64, 68, 71] [56, 80]
0 Ej [64, 68, 71] [56, 80]
0 Ej [64, 68, 71] [56, 80]
0 Ej [64, 68, 71] [56, 80]
0 Ej [64, 68, 71] [56, 80]
0 Ej [64, 68, 71] [56, 80]
0 Ej [64, 68, 71] [56, 80]
0 Ej [64, 68, 71] [56, 80]
0 g - [71, 80]
0 g - [71, 80]
0 g - [71, 80]
0 g - [71, 80]
0 g - [80]
0 g - [80]
0 g - [80]
