1 ci [61, 64, 68] [56, 71]
0 ci [61, 64, 68] [56, 71]
0 ci [61, 64, 68] [56, 71]
0 ci [61, 64, 68] [56, 71]
0 ci [61, 64, 68] [56, 71]
0 ci [61, 64, 68] [56, 71]
0 ci [61, 64, 68] [56, 71]
0 ci [61, 64, 68] [56, 71]
0 ci [61, 64, 68] [56, 71]
0 ci [61, 64, 68] [56, 71]
0 - - []
0 - - []
1 Dj [50, 54, 57] [62, 66, 69, 73]
0 Dj [50, 54, 57] [62, 66, 69, 73]
0 Dj [50, 54, 57] [62, 66, 69, 73]
0 Dj [50, 54, 57] [62, 66, 69, 73]
0 - - []
0 - - []
0 - - []
0 - - []
0 - - []
0 - - []
0 - - []
0 - - []
1 fi [66, 69, 73] [56, 59, 76]
0 fi [66, 69, 73] [56, 59, 76]
0 fi [66, 69, 73] [56, 59, 76]
0 fi [66, 69, 73] [56, 59, 76]
0 fi [66, 69, 73] [56, 59, 76]
0 fi [66, 69, 73] [56, 59, 76]
0 fi [66, 69, 73] [56, 59, 76]
0 fi [66, 69, 73] [56, 59, 76]
0 fi [66, 69, 73] [56, 59, 76]
0 fi [66, 69, 73] [56, 59, 76]
0 fi [66, 69, 73] [56, 59, 76]
0 fi [66, 69, 73] [56, 59, 76]
0 fi [66, 69, 73] [56, 59, 76]
0 fi [66, 69, 73] [56, 59, 76]
0 fi [66, 69, 73] [56, 59, 76]
0 fi [66, 69, 73] [56, 59, 76]
0 fi [66, 69, 73] [56, 59, 76]
0 fi [66, 69, 73] [56, 59, 76]
0 fi [66, 69, 73] [56, 59, 76]
0 fi [66, 69, 73] [56, 59, 76]
0 fi [66, 69, 73] [56, 59, 76]
0 fi [66, 69, 73] [56, 59, 76]
0 fi [66, 69, 73] [56, 59, 76]
0 fi [66, 69, 73] [56, 59, 76]
0 fi [66, 69, 73] [56, 59, 76]
0 fi [66, 69, 73] [56, 59, 76]
0 fi [66, 69, 73] [56, 59, 76]
0 fi [66, 69, 73] [56, 59, 76]
0 fi [66, 69, 73] [56, 59, 76]
0 fi [66, 69, 73] [56, 59, 76]
0 fi [66, 69, 73] [56, 59, 76]
0 fi [66, 69, 73] [56, 59, 76]
0 fi [66, 69, 73] [56, 59, 76]
0 fi [66, 69, 73] [56, 59, 76]
0 fi [66, 69, 73] [56, 59, 76]
0 fi [66, 69, 73] [56, 59, 76]
1 fi [66, 69, 73] [56, 59, 76, 78]
0 fi [66, 69, 73] [56, 59, 76, 78]
0 fi [66, 69, 73] [56, 59, 76, 78]
0 fi [66, 69, 73] [56, 59, 76, 78]
1 ci [61, 64, 68] [56, 71]
0 ci [61, 64, 68] [56, 71]
0 ci [61, 64, 68] [56, 71]
0 ci [61, 64, 68] [56, 71]
0 ci [61, 64, 68] [56, 71]
0 ci [61, 64, 68] [56, 71]
0 ci [61, 64, 68] [56, 71]
0 ci [61, 64, 68] [56, 71]
0 ci [61, 64, 68] [56, 71]
0 ci [61, 64, 68] [56, 71]
0 - - []
0 - - []
1 Dj [62, 66, 69] [57, 73]
0 Dj [62, 66, 69] [57, 73]
0 Dj [62, 66, 69] [57, 73]
0 Dj [62, 66, 69] [57, 73]
0 - - []
0 - - []
0 - - []
0 - - []
0 - - []
0 - - []
0 - - []
0 - - []
1 Bi [59, 62, 66] [54, 69]
0 Bi [59, 62, 66] [54, 69]
0 Bi [59, 62, 66] [54, 69]
0 Bi [59, 62, 66] [54, 69]
0 Bi [59, 62, 66] [54, 69]
0 Bi [59, 62, 66] [54, 69]
0 Bi [59, 62, 66] [54, 69]
0 Bi [59, 62, 66] [54, 69]
0 Bi [59, 62, 66] [54, 69]
0 Bi [59, 62, 66] [54, 69]
0 Bi [59, 62, 66] [54, 69]
0 Bi [59, 62, 66] [54, 69]
0 Bi [59, 62, 66] [54, 69]
0 Bi [59, 62, 66] [54, 69]
0 Bi [59, 62, 66] [54, 69]
0 Bi [59, 62, 66] [54, 69]
0 Bi [59, 62, 66] [54, 69]
0 Bi [59, 62, 66] [54, 69]
0 Bi [59, 62, 66] [54, 69]
0 Bi [59, 62, 66] [54, 69]
0 Bi [59, 62, 66] [54, 69]
0 Bi [59, 62, 66] [54, 69]
0 Bi [59, 62, 66] [54, 69]
0 Bi [59, 62, 66] [54, 69]
0 Bi [59, 62, 66] [54, 69]
0 Bi [59, 62, 66] [54, 69]
0 Bi [59, 62, 66] [54, 69]
0 Bi [59, 62, 66] [54, 69]
0 Bi [59, 62, 66] [54, 69]
0 Bi [59, 62, 66] [54, 69]
0 Bi [59, 62, 66] [54, 69]
0 Bi [59, 62, 66] [54, 69]
0 Bi [59, 62, 66] [54, 69]
0 Bi [59, 62, 66] [54, 69]
0 Bi [59, 62, 66] [54, 69]
0 Bi [59, 62, 66] [54, 69]
0 Bi [59, 62, 66] [54, 69]
0 Bi [59, 62, 66] [54, 69]
0 Bi [59, 62, 66] [54, 69]
