1 aj [58, 62, 65] [53, 69]
0 aj [58, 62, 65] [53, 69]
0 aj [58, 62, 65] [53, 69]
0 aj [58, 62, 65] [53, 69]
0 aj [58, 62, 65] [53, 69]
0 aj [58, 62, 65] [53, 69]
0 aj [58, 62, 65] [53, 69]
0 aj [58, 62, 65] [53, 69]
0 aj [58, 62, 65] [53, 69]
0 aj [58, 62, 65] [53, 69]
0 aj [58, 62, 65] [53, 69]
0 aj [58, 62, 65] [53, 69]
0 aj [58, 62, 65] [53, 69]
0 aj [58, 62, 65] [53, 69]
0 aj [58, 62, 65] [53, 69]
0 aj [58, 62, 65] [53, 69]
0 aj [58, 62, 65] [53, 69]
0 aj [58, 62, 65] [53, 69]
0 aj [58, 62, 65] [53, 69]
0 aj [58, 62, 65] [53, 69]
0 aj [58, 62, 65] [53, 69]
0 aj [58, 62, 65] [53, 69]
0 aj [58, 62, 65] [53, 69]
0 aj [58, 62, 65] [53, 69]
0 - - []
0 - - []
0 - - []
0 - - []
0 - - []
0 - - []
0 - - []
0 - - []
0 - - []
1 Gi [55, 56, 62] [52, 67, 70]
0 Gi [55, 56, 62] [52, 67, 70]
0 Gi [55, 56, 62] [52, 67, 70]
0 Gi [55, 56, 62] [52, 67, 70]
0 Gi [55, 56, 62] [52, 67, 70]
0 Gi [55, 56, 62] [52, 67, 70]
0 Gi [55, 56, 62] [52, 67, 70]
0 Gi [55, 56, 62] [52, 67, 70]
0 Gi [55, 56, 62] [52, 67, 70]
0 Gi [55, 56, 62] [52, 67, 70]
0 Gi [55, 56, 62] [52, 67, 70]
0 Gi [55, 56, 62] [52, 67, 70]
0 Gi [55, 56, 62] [52, 67, 70]
0 Gi [55, 56, 62] [52, 67, 70]
0 Gi [55, 56, 62] [52, 67, 70]
0 Gi [55, 56, 62] [52, 67, 70]
1 Aj [57, 61, 64] [67]
0 Aj [57, 61, 64] [67]
0 Aj [57, 61, 64] [67]
0 Aj [57, 61, 64] [67]
0 Aj [57, 61, 64] [67]
0 Aj [57, 61, 64] [67]
0 Aj [57, 61, 64] [67]
0 Aj [57, 61, 64] [67]
1 Aj [57, 61, 64] [67, 76]
0 Aj [57, 61, 64] [67, 76]
0 Aj [57, 61, 64] [67, 76]
0 Aj [57, 61, 64] [67, 76]
0 Aj [57, 61, 64] [67, 76]
0 Aj [57, 61, 64] [67, 76]
0 Aj [57, 61, 64] [67, 76]
0 Aj [57, 61, 64] [67, 76]
1 Fj [53, 57, 60] [50, 65, 69, 74]
0 Fj [53, 57, 60] [50, 65, 69, 74]
0 Fj [53, 57, 60] [50, 65, 69, 74]
0 Fj [53, 57, 60] [50, 65, 69, 74]
0 Fj [53, 57, 60] [50, 65, 69, 74]
0 Fj [53, 57, 60] [50, 65, 69, 74]
0 Fj [53, 57, 60] [50, 65, 69, 74]
0 Fj [53, 57, 60] [50, 65, 69, 74]
0 Fj [53, 57, 60] [50, 65, 69, 74]
0 Fj [53, 57, 60] [50, 65, 69, 74]
0 Fj [53, 57, 60] [50, 65, 69, 74]
0 Fj [53, 57, 60] [50, 65, 69, 74]
0 Fj [53, 57, 60] [50, 65, 69, 74]
0 Fj [53, 57, 60] [50, 65, 69, 74]
0 Fj [53, 57, 60] [50, 65, 69, 74]
0 Fj [53, 57, 60] [50, 65, 69, 74]
0 Fj [53, 57, 60] [50, 65, 69, 74]
0 Fj [53, 57, 60] [50, 65, 69, 74]
0 Fj [53, 57, 60] [50, 65, 69, 74]
0 Fj [53, 57, 60] [50, 65, 69, 74]
0 Fj [53, 57, 60] [50, 65, 69, 74]
0 Fj [53, 57, 60] [50, 65, 69, 74]
0 Fj [53, 57, 60] [50, 65, 69, 74]
0 Fj [53, 57, 60] [50, 65, 69, 74]
0 Fj [53, 57, 60] [50, 65, 69, 74]
0 Fj [53, 57, 60] [50, 65, 69, 74]
0 Fj [53, 57, 60] [50, 65, 69, 74]
0 Fj [53, 57, 60] [50, 65, 69, 74]
0 Fj [53, 57, 60] [50, 65, 69, 74]
0 Fj [53, 57, 60] [50, 65, 69, 74]
0 Fj [53, 57, 60] [50, 65, 69, 74]
0 Fj [53, 57, 60] [50, 65, 69, 74]
1 C - [48]
0 C - [48]
1 G - [48, 55]
0 G - [48, 55]
1 a- [48, 55, 58] []
0 a- [48, 55, 58] []
1 dj [51, 55, 58] [48, 63]
0 dj [51, 55, 58] [48, 63]
1 dj [51, 55, 58] [48, 63, 67]
0 dj [51, 55, 58] [48, 63, 67]
0 dj [51, 55, 58] [48, 63, 67]
0 dj [51, 55, 58] [48, 63, 67]
0 dj [51, 55, 58] [48, 63, 67]
0 dj [51, 55, 58] [48, 63, 67]
0 dj [51, 55, 58] [48, 63, 67]
0 dj [51, 55, 58] [48, 63, 67]
0 dj [51, 55, 58] [48, 63, 67]
0 dj [51, 55, 58] [48, 63, 67]
0 dj [51, 55, 58] [48, 63, 67]
0 dj [51, 55, 58] [48, 63, 67]
0 dj [51, 55, 58] [48, 63, 67]
0 dj [51, 55, 58] [48, 63, 67]
0 dj [51, 55, 58] [48, 63, 67]
0 dj [51, 55, 58] [48, 63, 67]
0 dj [51, 55, 58] [48, 63, 67]
0 dj [51, 55, 58] [48, 63, 67]
0 dj [51, 55, 58] [48, 63, 67]
0 dj [51, 55, 58] [48, 63, 67]
0 dj [51, 55, 58] [48, 63, 67]
0 dj [51, 55, 58] [48, 63, 67]
