1 Cj [60, 64, 67] [41, 57, 72, 81]
0 Cj [60, 64, 67] [41, 57, 72, 81]
0 Cj [60, 64, 67] [41, 57, 72, 81]
0 Cj [60, 64, 67] [41, 57, 72, 81]
0 Cj [60, 64, 67] [41, 57, 72, 81]
0 Cj [60, 64, 67] [41, 57, 72, 81]
0 Cj [60, 64, 67] [41, 57, 72, 81]
0 Cj [60, 64, 67] [41, 57, 72, 81]
0 Cj [60, 64, 67] [41, 57, 72, 81]
0 Cj [60, 64, 67] [41, 57, 72, 81]
0 Cj [60, 64, 67] [41, 57, 72, 81]
0 Cj [60, 64, 67] [41, 57, 72, 81]
0 Cj [60, 64, 67] [41, 57, 72, 81]
0 Cj [60, 64, 67] [41, 57, 72, 81]
0 Cj [60, 64, 67] [41, 57, 72, 81]
0 Cj [60, 64, 67] [41, 57, 72, 81]
0 Cj [60, 64, 67] [41, 57, 72, 81]
0 Cj [60, 64, 67] [41, 57, 72, 81]
0 Cj [60, 64, 67] [41, 57, 72, 81]
0 Cj [60, 64, 67] [41, 57, 72, 81]
0 Cj [60, 64, 67] [41, 57, 72, 81]
0 Cj [60, 64, 67] [41, 57, 72, 81]
0 Cj [60, 64, 67] [41, 57, 72, 81]
0 Cj [60, 64, 67] [41, 57, 72, 81]
0 Cj [60, 64, 67] [41, 57, 72, 81]
0 Cj [60, 64, 67] [41, 57, 72, 81]
0 Cj [60, 64, 67] [41, 57, 72, 81]
0 Cj [60, 64, 67] [41, 57, 72, 81]
0 Cj [60, 64, 67] [41, 57, 72, 81]
1 Ci [60, 63, 67] [41, 57, 72, 82]
0 Ci [60, 63, 67] [41, 57, 72, 82]
0 Ci [60, 63, 67] [41, 57, 72, 82]
0 Ci [60, 63, 67] [41, 57, 72, 82]
0 Ci [60, 63, 67] [41, 57, 72, 82]
0 Ci [60, 63, 67] [41, 57, 72, 82]
0 Ci [60, 63, 67] [41, 57, 72, 82]
0 Ci [60, 63, 67] [41, 57, 72, 82]
0 Ci [60, 63, 67] [41, 57, 72, 82]
0 Ci [60, 63, 67] [41, 57, 72, 82]
0 Ci [60, 63, 67] [41, 57, 72, 82]
0 Ci [60, 63, 67] [41, 57, 72, 82]
0 Ci [60, 63, 67] [41, 57, 72, 82]
0 Ci [60, 63, 67] [41, 57, 72, 82]
0 Ci [60, 63, 67] [41, 57, 72, 82]
0 Ci [60, 63, 67] [41, 57, 72, 82]
0 Ci [60, 63, 67] [41, 57, 72, 82]
0 Ci [60, 63, 67] [41, 57, 72, 82]
0 Ci [60, 63, 67] [41, 57, 72, 82]
0 Ci [60, 63, 67] [41, 57, 72, 82]
0 Ci [60, 63, 67] [41, 57, 72, 82]
0 Ci [60, 63, 67] [41, 57, 72, 82]
0 Ci [60, 63, 67] [41, 57, 72, 82]
0 Ci [60, 63, 67] [41, 57, 72, 82]
0 Ci [60, 63, 67] [41, 57, 72, 82]
0 Ci [60, 63, 67] [41, 57, 72, 82]
0 Ci [60, 63, 67] [41, 57, 72, 82]
0 Ci [60, 63, 67] [41, 57, 72, 82]
0 Ci [60, 63, 67] [41, 57, 72, 82]
0 Ci [60, 63, 67] [41, 57, 72, 82]
1 G- [58, 62, 79] [46]
0 G- [58, 62, 79] [46]
1 Gi [55, 58, 62] [46, 67, 79]
0 Gi [55, 58, 62] [46, 67, 79]
0 Gi [55, 58, 62] [46, 67, 79]
0 Gi [55, 58, 62] [46, 67, 79]
1 Gi [55, 58, 62] [46, 67, 72, 79]
0 Gi [55, 58, 62] [46, 67, 72, 79]
0 Gi [55, 58, 62] [46, 67, 72, 79]
0 Gi [55, 58, 62] [46, 67, 72, 79]
0 Gi [55, 58, 62] [46, 67, 72, 79]
0 Gi [55, 58, 62] [46, 67, 72, 79]
0 Gi [55, 58, 62] [46, 67, 72, 79]
0 Gi [55, 58, 62] [46, 67, 72, 79]
0 Gi [55, 58, 62] [46, 67, 72, 79]
0 Gi [55, 58, 62] [46, 67, 72, 79]
0 Gi [55, 58, 62] [46, 67, 72, 79]
0 Gi [55, 58, 62] [46, 67, 72, 79]
0 Gi [55, 58, 62] [46, 67, 72, 79]
0 Gi [55, 58, 62] [46, 67, 72, 79]
0 Gi [55, 58, 62] [46, 67, 72, 79]
0 Gi [55, 58, 62] [46, 67, 72, 79]
0 Gi [55, 58, 62] [46, 67, 72, 79]
0 Gi [55, 58, 62] [46, 67, 72, 79]
0 Gi [55, 58, 62] [46, 67, 72, 79]
0 Gi [55, 58, 62] [46, 67, 72, 79]
0 Gi [55, 58, 62] [46, 67, 72, 79]
0 Gi [55, 58, 62] [46, 67, 72, 79]
0 Gi [55, 58, 62] [46, 67, 72, 79]
0 Gi [55, 58, 62] [46, 67, 72, 79]
0 Gi [55, 58, 62] [46, 67, 72, 79]
0 Gi [55, 58, 62] [46, 67, 72, 79]
1 G- [58, 61, 67] [46]
0 G- [58, 61, 67] [46]
0 G- [58, 61, 67] [46]
1 Ci [60, 61, 67] [46, 58, 72]
0 Ci [60, 61, 67] [46, 58, 72]
0 Ci [60, 61, 67] [46, 58, 72]
0 Ci [60, 61, 67] [46, 58, 72]
1 Ci [60, 61, 67] [46, 58, 72, 81]
0 Ci [60, 61, 67] [46, 58, 72, 81]
0 Ci [60, 61, 67] [46, 58, 72, 81]
0 Ci [60, 61, 67] [46, 58, 72, 81]
0 Ci [60, 61, 67] [46, 58, 72, 81]
0 Ci [60, 61, 67] [46, 58, 72, 81]
0 Ci [60, 61, 67] [46, 58, 72, 81]
0 Ci [60, 61, 67] [46, 58, 72, 81]
0 Ci [60, 61, 67] [46, 58, 72, 81]
1 Ci [60, 61, 67] [46, 58, 72, 79, 81]
0 Ci [60, 61, 67] [46, 58, 72, 79, 81]
0 Ci [60, 61, 67] [46, 58, 72, 79, 81]
0 Ci [60, 61, 67] [46, 58, 72, 79, 81]
0 Ci [60, 61, 67] [46, 58, 72, 79, 81]
0 G- [61, 67, 79] [46, 58]
0 G- [61, 67, 79] [46, 58]
0 G- [61, 67, 79] [46, 58]
1 G- [67, 77, 79] [46, 58, 61]
0 G- [67, 77, 79] [46, 58, 61]
0 G- [67, 77, 79] [46, 58, 61]
0 G- [67, 77, 79] [46, 58, 61]
0 G- [67, 77, 79] [46, 58, 61]
0 F- [67, 74, 77] [46]
0 F- [67, 74, 77] [46]
1 Cj [60, 64, 67] [45, 72, 76]
0 Cj [60, 64, 67] [45, 72, 76]
0 Cj [60, 64, 67] [45, 72, 76]
0 Cj [60, 64, 67] [45, 72, 76]
0 Cj [60, 64, 67] [45, 72, 76]
