1 cj [49, 53, 56] [63]
0 cj [49, 53, 56] [63]
0 cj [49, 53, 56] [63]
0 cj [49, 53, 56] [63]
0 cj [49, 53, 56] [63]
0 cj [49, 53, 56] [63]
0 cj [49, 53, 56] [63]
0 cj [49, 53, 56] [63]
0 cj [49, 53, 56] [63]
0 cj [49, 53, 56] [63]
0 cj [49, 53, 56] [63]
0 cj [49, 53, 56] [63]
0 cj [49, 53, 56] [63]
0 cj [49, 53, 56] [63]
0 cj [49, 53, 56] [63]
0 cj [49, 53, 56] [63]
0 cj [49, 53, 56] [63]
0 cj [49, 53, 56] [63]
0 cj [49, 53, 56] [63]
0 cj [49, 53, 56] [63]
0 cj [49, 53, 56] [63]
0 cj [49, 53, 56] [63]
0 cj [49, 53, 56] [63]
0 cj [49, 53, 56] [63]
0 cj [49, 53, 56] [63]
0 cj [49, 53, 56] [63]
1 cj [49, 53, 56] [63, 80]
0 cj [49, 53, 56] [63, 80]
1 cj [49, 53, 56] [63, 79, 80]
0 cj [49, 53, 56] [63, 79, 80]
1 cj [49, 53, 56] [63, 77, 79]
0 cj [49, 53, 56] [63, 77, 79]
1 Ci [48, 51, 55] [60, 72]
0 Ci [48, 51, 55] [60, 72]
0 Ci [48, 51, 55] [60, 72]
0 Ci [48, 51, 55] [60]
0 Ci [48, 51, 55] [60]
0 Ci [48, 51, 55] [60]
0 Ci [48, 51, 55] [60]
0 Ci [48, 51, 55] [60]
0 Ci [48, 51, 55] [60]
0 Ci [48, 51, 55] [60]
0 Ci [48, 51, 55] [60]
0 Ci [48, 51, 55] [60]
0 Ci [48, 51, 55] [60]
0 Ci [48, 51, 55] [60]
0 Ci [48, 51, 55] [60]
0 Ci [48, 51, 55] [60]
0 Ci [48, 51, 55] [60]
0 Ci [48, 51, 55] [60]
0 Ci [48, 51, 55] [60]
0 Ci [48, 51, 55] [60]
0 Ci [48, 51, 55] [60]
0 Ci [48, 51, 55] [60]
0 Ci [48, 51, 55] [60]
1 Ci [48, 51, 55] [60, 72]
0 Ci [48, 51, 55] [60, 72]
0 Ci [48, 51, 55] [60, 72]
0 Ci [48, 51, 55] [60, 72]
0 Ci [48, 51, 55] [60]
0 Ci [48, 51, 55] [60]
0 Ci [48, 51, 55] [60]
0 Ci [48, 51, 55] [60]
1 ai [46, 49, 53] [58, 68]
0 ai [46, 49, 53] [58, 68]
0 ai [46, 49, 53] [58, 68]
0 ai [46, 49, 53] [58, 68]
0 ai [46, 49, 53] [58, 68]
0 ai [46, 49, 53] [58, 68]
0 ai [46, 49, 53] [58, 68]
0 ai [46, 49, 53] [58, 68]
0 ai [46, 49, 53] [58, 68]
0 ai [46, 49, 53] [58, 68]
0 ai [46, 49, 53] [58, 68]
0 ai [46, 49, 53] [58, 68]
0 ai [46, 49, 53] [58, 68]
0 ai [46, 49, 53] [58, 68]
0 ai [46, 49, 53] [58, 68]
0 ai [46, 49, 53] [58, 68]
0 ai [46, 49, 53] [58, 68]
0 ai [46, 49, 53] [58, 68]
0 ai [46, 49, 53] [58, 68]
0 ai [46, 49, 53] [58, 68]
0 ai [46, 49, 53] [58, 68]
0 ai [46, 49, 53] [58, 68]
0 ai [46, 49, 53] [58, 68]
0 ai [46, 49, 53] [58, 68]
0 ai [46, 49, 53] [58, 68]
0 ai [46, 49, 53] [58, 68]
0 ai [46, 49, 53] [58, 68]
0 ai [46, 49, 53] [58, 68]
1 ai [46, 49, 53] [58, 68, 79]
0 ai [46, 49, 53] [58, 68, 79]
0 ai [46, 49, 53] [58, 79]
0 ai [46, 49, 53] [58, 79]
1 gj [44, 48, 51] [41, 56]
0 gj [44, 48, 51] [41, 56]
1 gj [44, 48, 51] [41, 56, 60]
0 gj [44, 48, 51] [41, 56, 60]
1 gj [44, 48, 51] [41, 56, 60, 63]
0 gj [44, 48, 51] [41, 56, 60, 63]
0 gj [44, 48, 51] [41, 56, 60, 63]
0 gj [44, 48, 51] [41, 56, 60, 63]
0 gj [44, 48, 51] [41, 56, 60, 63]
0 gj [44, 48, 51] [41, 56, 60, 63]
0 gj [44, 48, 51] [41, 56, 60, 63]
0 gj [44, 48, 51] [41, 56, 60, 63]
1 gj [44, 48, 51] [41, 56, 60, 63, 67]
0 gj [44, 48, 51] [41, 56, 60, 63, 67]
0 gj [44, 48, 51] [41, 56, 60, 63, 67]
0 gj [44, 48, 51] [41, 56, 60, 63, 67]
0 gj [44, 48, 51] [41, 56, 60, 63, 67]
0 gj [44, 48, 51] [41, 56, 60, 63, 67]
0 gj [44, 48, 51] [41, 56, 60, 63, 67]
0 gj [44, 48, 51] [41, 56, 60, 63, 67]
1 gj [44, 48, 51] [41, 56, 60, 63, 65, 67]
0 gj [44, 48, 51] [41, 56, 60, 63, 65, 67]
0 gj [44, 48, 51] [41, 56, 60, 65, 67]
0 gj [44, 48, 51] [41, 56, 60, 65, 67]
0 gj [44, 48, 51] [41, 56, 60, 65, 67]
1 gj [44, 48, 51] [41, 56, 60, 65, 67]
0 gj [44, 48, 51] [41, 56, 60, 65, 67]
0 gj [44, 48, 51] [41, 56, 65, 67]
0 gj [44, 48, 51] [41, 56, 65, 67]
1 gj [44, 48, 51] [41, 56, 58, 65, 67]
0 gj [44, 48, 51] [41, 56, 58, 65, 67]
0 gj [44, 48, 51] [41, 56, 58]
