1 G- [48, 63, 91] [48]
0 d [48, 63] [48, 63]
0 d [48, 63] [48, 63]
0 d [48, 63] [48, 63]
0 d [48, 63] [48, 63]
0 C [48] [48]
1 C [48, 72] [48, 72]
0 C [48, 72] [48, 72]
1 C- [48, 63, 72] [48]
0 C- [48, 63, 72] [48]
1 Ci [48, 55, 63, 72] [63, 72]
0 C- [48, 55, 72] [72]
1 Ci [55, 60, 67] [55]
0 G [60, 67] [60, 67]
0 G [60, 67] [60, 67]
0 G [60, 67] [60, 67]
0 G [60, 67] [60, 67]
0 G [60, 67] [60, 67]
0 G [60, 67] [60, 67]
0 G [60, 67] [60, 67]
1 G [43, 91] [43, 91]
0 G [43] [43]
1 g- [43, 60, 92] [43]
1 G- [43, 60, 67] [43]
1 G- [43, 55, 65, 67, 91] [43, 55]
0 F- [43, 55, 65] [65]
0 F- [43, 55, 65] [65]
0 F- [43, 55, 65] [65]
1 F- [43, 55, 65, 89] [43, 55]
0 F- [43, 55, 65] [65]
1 D [43, 62] [43, 62]
0 D [43, 62] [43, 62]
1 d- [44, 63, 87] [44]
0 d [44, 63] [44, 63]
0 d [44, 63] [44, 63]
0 d [44, 63] [44, 63]
0 d [44, 63] [44, 63]
0 g [44] [44]
1 C [44, 72] [44, 72]
0 C [44, 72] [44, 72]
1 C- [44, 63, 72] [44]
0 C- [44, 63, 72] [44]
1 C- [44, 55, 63, 72] [44, 55]
0 C- [44, 55, 72] [72]
1 a- [55, 58, 67, 82] [55, 58]
0 G [58, 67] [58, 67]
0 G [58, 67] [58, 67]
0 G [58, 67] [58, 67]
1 C- [43, 58, 67, 72] [43, 58]
0 C- [43, 58, 67, 72] [43, 58]
0 C- [43, 58, 67, 72] [43, 58]
0 C- [43, 58, 67, 72] [43, 58]
1 C- [43, 60, 72] [43]
0 C- [43, 60, 72] [43]
1 Ci [43, 60, 67, 72] [43, 72]
0 Ci [43, 60, 67, 72] [43, 72]
1 Gi [43, 55, 60, 62, 67, 84] [43, 67, 84]
0 Gi [43, 55, 62, 67] [43, 67]
1 Gi [43, 55, 62, 67, 74] [43, 67, 74]
0 Gi [43, 55, 62, 67, 74] [43, 67, 74]
1 F- [55, 62, 77] []
0 F- [55, 62, 77] []
1 C- [55, 62, 72] []
