1 f [63, 78] [63, 78]
0 f [63, 78] [63, 78]
0 f [63, 78] [63, 78]
0 f [63, 78] [63, 78]
1 f- [63, 70, 78] []
0 f- [63, 70, 78] []
0 f- [63, 70, 78] []
0 f- [63, 70, 78] []
1 a [63, 82] [63, 82]
0 a [63, 82] [63, 82]
0 a [63, 82] [63, 82]
0 a [63, 82] [63, 82]
1 a- [63, 70, 82] []
0 a- [63, 70, 82] []
0 a- [63, 70, 82] []
0 a- [63, 70, 82] []
1 di [63, 77, 82, 87, 90] [63, 87, 90]
0 di [63, 77, 82, 87, 90] [63, 87, 90]
0 di [63, 77, 82, 87, 90] [63, 87, 90]
0 di [63, 77, 82, 87, 90] [63, 87, 90]
1 di [75, 77, 82, 87, 90] [87, 90]
0 di [75, 77, 82, 87, 90] [87, 90]
0 d [75, 87] [75, 87]
0 d [75, 87] [75, 87]
0 d [75, 87] [75, 87]
1 ai [63, 82, 87, 89, 90, 94] [63, 90, 94]
0 ai [63, 82, 87, 89, 90, 94] [63, 90, 94]
0 d [63, 87] [63, 87]
1 a [82] [82]
0 a [82] [82]
1 a- [63, 78, 82] []
0 a- [63, 78, 82] []
1 d- [68, 83, 87] []
0 d- [68, 83, 87] []
0 d- [68, 83, 87] []
0 B [68, 83] [68, 83]
0 B [68, 83] [68, 83]
1 g [68, 92] [68, 92]
0 g [68, 92] [68, 92]
0 g [68] [68]
0 g [68] [68]
1 B [68, 95] [68, 95]
0 B [68, 95] [68, 95]
0 B [68, 95] [68, 95]
0 B [68, 95] [68, 95]
1 B- [68, 83, 95] []
0 B- [68, 83, 95] []
0 B [68, 83] [68, 83]
0 B [68, 83] [68, 83]
0 B [68, 83] [68, 83]
1 F- [65, 80, 89] []
0 F- [65, 80, 89] []
0 F- [65, 80, 89] []
0 F- [65, 80, 89] []
0 F- [65, 80, 89] []
0 F- [65, 80, 89] []
0 F- [65, 80, 89] []
1 d [65, 87] [65, 87]
0 d [65, 87] [65, 87]
0 d [65, 87] [65, 87]
0 d [87] [87]
1 d [82, 87] [82, 87]
0 d [82, 87] [82, 87]
