1 c - [47, 73]
0 c - [47, 73]
0 c - [47, 73]
0 c - [47, 73]
0 c - [47, 73]
0 c - [47, 73]
0 c - [47, 73]
0 c - [47, 73]
1 D - [50, 74]
0 D - [50, 74]
0 D - [50, 74]
0 D - [50, 74]
1 B - [59]
0 B - [59]
0 B - [59]
0 B - [59]
1 f- [50, 59, 66] []
0 f- [50, 59, 66] []
0 f- [50, 59, 66] []
0 f- [50, 59, 66] []
1 G - [59, 67]
0 G - [59, 67]
0 G - [59, 67]
0 G - [59, 67]
1 f - [59, 66]
0 f - [59, 66]
0 f - [59, 66]
0 f - [59, 66]
1 f- [67, 67, 78] [59]
0 f- [67, 67, 78] [59]
1 G- [67, 67, 79] [59]
0 G- [67, 67, 79] [59]
1 G- [47, 55, 55] [79]
0 G- [47, 55, 55] [79]
0 G- [47, 55, 55] [79]
0 G- [47, 55, 55] [79]
1 f - [47, 78]
0 f - [47, 78]
0 f - [47, 78]
0 f - [47, 78]
1 f - [50, 78]
0 f - [50, 78]
0 f - [50, 78]
0 f - [50, 78]
1 f - [59, 78]
0 f - [59, 78]
0 f - [59, 78]
0 f - [59, 78]
1 Gj [55, 59, 62] [50, 67]
0 Gj [55, 59, 62] [50, 67]
0 Gj [55, 59, 62] [50, 67]
0 Gj [55, 59, 62] [50, 67]
0 Gj [55, 59, 62] [50, 67]
0 Gj [55, 59, 62] [50, 67]
0 Gj [55, 59, 62] [50, 67]
0 Gj [55, 59, 62] [50, 67]
1 G- [50, 59, 59] [67]
0 G- [50, 59, 59] [67]
0 G- [50, 59, 59] [67]
0 G- [50, 59, 59] [67]
0 G- [50, 59, 59] [67]
0 G- [50, 59, 59] [67]
0 G- [50, 59, 59] [67]
