1 D- [64, 78, 86] [52]
0 D- [64, 78, 86] [52]
0 D- [64, 78, 86] [52]
0 D- [64, 78, 86] [52]
1 D- [71, 78, 86] [52, 64]
0 D- [71, 78, 86] [52, 64]
0 D- [71, 78, 86] [52, 64]
0 D- [71, 78, 86] [52, 64]
1 Ei [64, 64, 71] [52, 76, 86]
0 Ei [64, 64, 71] [52, 76, 86]
0 Ei [64, 64, 71] [52, 76]
0 Ei [64, 64, 71] [52, 76]
0 Ej [64, 68, 71] [52, 76]
0 Ej [64, 68, 71] [52, 76]
0 Ej [64, 68, 71] [52, 76]
0 Ej [64, 68, 71] [52, 76]
1 Ei [64, 64, 71] [52, 76]
0 Ei [64, 64, 71] [52, 76]
0 Ei [64, 64, 71] [52, 76]
0 Ei [64, 64, 71] [52, 76]
0 Ei [64, 64, 71] [52, 76]
0 Ei [64, 64, 71] [52, 76]
0 Ei [64, 64, 71] [52, 76]
0 Ei [64, 64, 71] [52, 76]
1 Ei [64, 64, 71] [52, 55, 76, 78]
0 Ei [64, 64, 71] [52, 55, 76, 78]
0 f- [64, 71, 78] [52, 55]
0 f- [64, 71, 78] [52, 55]
0 f- [52, 55, 62] [78]
0 f- [52, 55, 62] [78]
0 f - [78]
0 f - [78]
1 f- [75, 78, 90] [43, 59]
0 f- [75, 78, 90] [43, 59]
0 f- [75, 78, 90] [43, 59]
0 f- [75, 78, 90] [43, 59]
0 f- [75, 78, 90] [43, 59]
0 f- [75, 78, 90] [43, 59]
0 f- [75, 78, 90] [43]
0 f- [75, 78, 90] [43]
1 f- [67, 74, 90] [43, 55, 59]
0 f- [67, 74, 90] [43, 55, 59]
0 D- [55, 59, 66] [43, 74]
0 D- [55, 59, 66] [43, 74]
0 D- [55, 59, 66] [43, 74]
0 D- [55, 59, 66] [43, 74]
0 D- [55, 59, 66] [43, 74]
0 D- [55, 59, 66] [43, 74]
0 D- [55, 59, 66] [43, 74]
0 D- [55, 59, 66] [43, 74]
0 D- [55, 59, 66] [43, 74]
0 D- [55, 59, 66] [43, 74]
0 D- [55, 59, 66] [43, 74]
0 D- [55, 59, 66] [43, 74]
0 D- [55, 59, 66] [43, 74]
0 D- [55, 59, 66] [43, 74]
0 D- [55, 59, 66] [43, 74]
0 D- [55, 59, 66] [43, 74]
0 D- [55, 59, 66] [43, 74]
0 D- [55, 59, 66] [43, 74]
0 D- [55, 59, 66] [43, 74]
0 D- [55, 59, 66] [43, 74]
0 D- [43, 59, 66] [74]
0 D- [43, 59, 66] [74]
1 D- [64, 78, 86] [52]
0 D- [64, 78, 86] [52]
0 D- [64, 78, 86] [52]
0 D- [64, 78, 86] [52]
1 D- [71, 78, 86] [52, 64]
0 D- [71, 78, 86] [52, 64]
0 D- [71, 78, 86] [52, 64]
0 D- [71, 78, 86] [52, 64]
1 Ei [64, 64, 71] [52, 76, 86]
0 Ei [64, 64, 71] [52, 76, 86]
0 Ei [64, 64, 71] [52, 76, 86]
0 Ei [64, 64, 71] [52, 76]
0 Ei [64, 64, 71] [52, 76]
0 Ei [64, 64, 71] [52, 76]
0 Ej [64, 68, 71] [52, 76]
0 Ej [64, 68, 71] [52, 76]
0 Ej [64, 68, 71] [52, 76]
0 Ej [64, 68, 71] [52, 76]
1 Ei [64, 64, 71] [52, 76]
0 Ei [64, 64, 71] [52, 76]
0 Ei [64, 64, 71] [52, 76]
0 Ei [64, 64, 71] [52, 76]
0 Ei [64, 64, 71] [52, 76]
0 Ei [64, 64, 71] [52, 76]
0 Ei [64, 64, 71] [52, 76]
0 Ei [64, 64, 71] [52, 76]
1 Ei [64, 64, 71] [52, 55, 76, 78]
0 Ei [64, 64, 71] [52, 55, 76, 78]
0 f- [64, 71, 78] [52, 55]
0 f- [64, 71, 78] [52, 55]
0 f- [52, 55, 62] [78]
0 f- [52, 55, 62] [78]
0 f - [78]
0 f - [78]
1 f- [47, 59, 62] [78]
0 f- [47, 59, 62] [78]
0 f- [47, 59, 62] [78]
0 f- [47, 59, 62] [78]
0 f- [47, 59, 62] [78]
0 f- [47, 59, 62] [78]
0 f- [47, 59, 62] [78]
0 f- [47, 59, 62] [78]
1 G- [47, 59, 63] [79]
0 G- [47, 59, 63] [79]
0 G- [47, 59, 63] [79]
0 G- [47, 59, 63] [79]
0 G- [47, 59, 63] [79]
0 G- [47, 59, 63] [79]
0 G- [47, 59, 63] [79]
0 G- [47, 59, 63] [79]
1 A- [47, 59, 65] [81]
0 A- [47, 59, 65] [81]
0 A- [47, 59, 65] [81]
0 A- [47, 59, 65] [81]
0 A- [47, 59, 65] [81]
0 A- [47, 59, 65] [81]
0 A- [47, 59, 65] [81]
0 A- [47, 59, 65] [81]
1 G- [47, 59, 63] [79]
0 G- [47, 59, 63] [79]
0 G- [47, 59, 63] [79]
0 G- [47, 59, 63] [79]
0 G- [47, 59, 63] [79]
