1 Bi [47, 50, 54] [59, 62, 66]
0 Bi [47, 50, 54] [59, 62, 66]
0 Bi [47, 50, 54] [59, 62, 66]
0 Bi [47, 50, 54] [59, 62, 66]
0 Bi [47, 50, 54] [59, 62, 66]
0 Bi [47, 50, 54] [59, 62, 66]
0 Bi [47, 50, 54] [59, 62, 66]
0 Bi [47, 50, 54] [59, 62, 66]
0 Bi [47, 50, 54] [59, 62, 66]
0 Bi [47, 50, 54] [59, 62, 66]
0 Bi [47, 50, 54] [59, 62, 66]
0 Bi [47, 50, 54] [59, 62, 66]
0 Bi [47, 50, 54] [59, 62, 66]
0 Bi [47, 50, 54] [59, 62, 66]
0 Bi [47, 50, 54] [59, 62, 66]
0 Bi [47, 50, 54] [59, 62, 66]
0 Bi [47, 50, 54] [59, 62, 66]
0 Bi [47, 50, 54] [59, 62, 66]
0 Bi [47, 50, 54] [59, 62, 66]
0 Bi [47, 50, 54] [59, 62, 66]
0 Bi [47, 50, 54] [59, 62, 66]
0 Bi [47, 50, 54] [59, 62, 66]
0 Bi [47, 50, 54] [59, 62, 66]
0 Bi [47, 50, 54] [59, 62, 66]
0 B - [59]
0 B - [59]
0 - - []
0 - - []
0 - - []
0 - - []
0 - - []
1 B- [47, 55, 59] [40]
0 B- [47, 55, 59] [40]
0 B- [47, 55, 59] [40]
0 B- [47, 55, 59] [40]
0 B- [47, 55, 59] [40]
0 B- [47, 55, 59] [40]
0 B- [47, 55, 59] [40]
0 B- [47, 55, 59] [40]
0 B- [47, 55, 59] [40]
0 B- [47, 55, 59] [40]
0 B - [55, 59]
0 B - [55, 59]
0 B - [55, 59]
0 B - [59]
0 B - [59]
0 B - [59]
0 B - [59]
1 c- [49, 57, 61] [42]
0 c- [49, 57, 61] [42]
0 c- [49, 57, 61] [42]
0 c- [49, 57, 61] [42]
0 c- [49, 57, 61] [42]
0 c- [49, 57, 61] [42]
0 c- [49, 57, 61] [42]
0 c- [49, 57, 61] [42]
0 c- [49, 57, 61] [42]
0 c- [42, 49, 53] [61]
0 c- [42, 49, 53] [61]
0 c- [42, 49, 53] [61]
0 c- [42, 49, 53] [61]
0 c- [42, 49, 53] [61]
0 c - [42, 49]
0 c - [42, 49]
0 c - [42, 49]
1 Bi [47, 47, 54] [59, 62]
0 Bi [47, 47, 54] [59, 62]
0 Bi [47, 47, 54] [59, 62]
0 Bi [47, 47, 54] [59, 62]
0 Bi [47, 47, 54] [59, 62]
0 Bi [47, 47, 54] [59, 62]
0 Bi [47, 47, 54] [59, 62]
0 Bi [47, 47, 54] [59, 62]
0 Bi [47, 47, 54] [59, 62]
0 Bi [47, 47, 54] [59, 62]
0 Bi [47, 47, 54] [59, 62]
0 Bi [47, 47, 54] [59, 62]
0 Bi [47, 47, 54] [59, 62]
0 Bi [47, 47, 54] [59, 62]
0 Bi [47, 47, 54] [59, 62]
0 Bi [47, 47, 54] [59, 62]
0 Bi [47, 47, 54] [59, 62]
0 Bi [47, 47, 54] [59, 62]
0 Bi [47, 47, 54] [59, 62]
0 Bi [47, 47, 54] [59, 62]
0 Bi [47, 47, 54] [59, 62]
0 Bi [47, 47, 54] [59, 62]
0 Bi [47, 47, 54] [59, 62]
0 Bi [47, 47, 54] [59, 62]
0 Bi [47, 47, 54] [59, 62]
0 Bi [47, 47, 54] [59, 62]
0 D- [47, 59, 62] []
0 D- [47, 59, 62] []
0 D- [47, 59, 62] []
0 D - [47, 62]
0 D - [47, 62]
0 B - [47]
0 B - [47]
0 B - [47]
1 B- [40, 55, 59] []
0 B- [40, 55, 59] []
0 B- [40, 55, 59] []
0 B- [40, 55, 59] []
0 B- [40, 55, 59] []
0 B- [40, 55, 59] []
0 B- [40, 55, 59] []
0 B- [40, 55, 59] []
0 B- [40, 55, 59] []
0 B- [40, 55, 59] []
0 E - [40]
0 E - [40]
0 E - [40]
0 E - [40]
0 E - [40]
0 E - [40]
1 fi [54, 57, 61] [42]
0 fi [54, 57, 61] [42]
0 fi [54, 57, 61] [42]
0 fi [54, 57, 61] [42]
0 fi [54, 57, 61] [42]
0 fi [54, 57, 61] [42]
0 fi [54, 57, 61] [42]
0 fi [54, 57, 61] [42]
0 c- [42, 54, 61] []
0 c- [42, 54, 61] []
0 c - [42, 61]
0 c - [42, 61]
