1 fi [66, 73, 73] [61]
0 fi [66, 73, 73] [61]
0 fi [66, 73, 73] [61]
0 fi [66, 73, 73] [61]
0 fi [66, 73, 73] [61]
0 fi [66, 73, 73] [61]
0 fi [66, 73, 73] [61]
0 fi [66, 73, 73] [61]
0 fi [66, 73, 73] [61]
0 fi [66, 73, 73] [61]
0 fi [66, 73, 73] [61]
0 fi [66, 73, 73] [61]
0 fi [66, 73, 73] [61]
0 fi [66, 73, 73] [61]
0 fi [66, 73, 73] [61]
0 fi [66, 73, 73] [61]
0 fi [66, 73, 73] [61]
0 fi [66, 73, 73] [61]
0 fi [66, 73, 73] [61]
0 fi [66, 73, 73] [61]
0 fi [66, 73, 73] [61]
0 fi [66, 73, 73] [61]
0 fi [66, 73, 73] [61]
0 fi [66, 73, 73] [61]
0 fi [66, 73, 73] [61]
0 fi [66, 73, 73] [61]
0 fi [66, 73, 73] [61]
0 fi [66, 73, 73] [61]
0 fi [66, 73, 73] [61]
0 fi [66, 73, 73] [61]
0 fi [66, 73, 73] [61]
0 fi [66, 73, 73] [61]
1 f - [66]
0 f - [66]
0 f - [66]
0 f - [66]
0 f - [66]
0 f - [66]
0 f - [66]
0 f - [66]
0 f - [66]
0 f - [66]
0 f - [66]
0 f - [66]
1 A - [66, 69]
0 A - [66, 69]
0 A - [69]
0 A - [69]
0 A - [69]
0 A - [69]
0 A - [69]
0 A - [69]
0 A - [69]
0 A - [69]
0 A - [69]
0 A - [69]
1 c - [73]
0 c - [73]
0 c - [73]
0 c - [73]
0 c - [73]
0 c - [73]
0 c - [73]
0 c - [73]
1 Gi [67, 73, 74] [62]
0 Gi [67, 73, 74] [62]
0 Gi [67, 74, 74] [62]
0 Gi [67, 74, 74] [62]
0 Gi [67, 74, 74] [62]
0 Gi [67, 74, 74] [62]
0 Gi [67, 74, 74] [62]
0 Gi [67, 74, 74] [62]
0 Gi [67, 74, 74] [62]
0 Gi [67, 74, 74] [62]
0 Gi [67, 74, 74] [62]
0 Gi [67, 74, 74] [62]
0 Gi [67, 74, 74] [62]
0 Gi [67, 74, 74] [62]
0 Gi [67, 74, 74] [62]
0 Gi [67, 74, 74] [62]
0 Gi [67, 74, 74] [62]
0 Gi [67, 74, 74] [62]
0 Gi [67, 74, 74] [62]
0 Gi [67, 74, 74] [62]
0 Gi [67, 74, 74] [62]
0 Gi [67, 74, 74] [62]
0 Gi [67, 74, 74] [62]
0 Gi [67, 74, 74] [62]
0 Gi [67, 74, 74] [62]
0 Gi [67, 74, 74] [62]
0 Gi [67, 74, 74] [62]
0 Gi [67, 74, 74] [62]
0 Gi [67, 74, 74] [62]
0 Gi [67, 74, 74] [62]
0 Gi [67, 74, 74] [62]
0 Gi [67, 74, 74] [62]
1 E - [76]
0 E - [76]
0 E - [76]
0 E - [76]
0 E - [76]
0 E - [76]
0 E - [76]
0 E - [76]
0 E - [76]
0 E - [76]
0 E - [76]
0 E - [76]
1 E - [74, 76]
0 E - [74, 76]
0 D - [74]
0 D - [74]
0 D - [74]
0 D - [74]
0 D - [74]
0 D - [74]
0 D - [74]
0 D - [74]
0 D - [74]
0 D - [74]
1 c - [73]
0 c - [73]
0 c - [73]
0 c - [73]
0 c - [73]
0 c - [73]
0 c - [73]
